111111112	191	219
111111112	476	556
111111112	785	798
111111112	958	1013
111111112	1456	1535
111111112	1810	1824
111111112	2095	2123
111111112	911	942
111111112	1738	1787
111111113	1396	1430
111111113	3082	3099
111111113	3828	3985
111111113	361	467
111111113	3580	3741
111111113	4865	5006
111111113	5743	5773
111111113	5775	5791
111111113	259	279
111111113	5556	5579
111111114	1705	1824
111111117	671	753
111111123	4321	4333
111111124	2650	2661
111111124	4098	4110
111111124	4622	4760
111111124	3368	3380
111111124	0	17
111111124	107	122
111111124	282	338
111111124	510	540
111111124	2478	2501
111111124	3557	3590
111111124	4170	4377
111111124	4540	4575
111111124	4920	4935
111111124	4144	4164
111111133	1224	1244
111111133	2593	2606
111111133	4159	4173
111111133	358	367
111111133	460	465
111111133	504	507
111111133	1070	1077
111111133	2572	2589
111111133	2625	2646
111111133	2944	2950
111111133	3830	3836
111111134	945	984
111111134	1415	1514
111111134	1225	1237
111111134	2427	2456
111111136	1243	1254
111111136	1874	2026
694327499	9221	9252
694327499	11470	11661
694327499	1366	1501
694327499	2798	2874
694327499	3032	3055
694327499	3656	3688
694327499	4811	4934
694327499	4944	4978
694327499	5950	6079
694327499	6320	6343
694327499	9393	9408
694327499	9630	9695
694327499	11720	11770
694327499	110	142
694327499	6296	6318
696264594	388	414
696264594	490	520
696264594	899	972
696264594	1173	1207
696264594	1313	1356
696264594	3752	3766
696264594	6029	6043
696264594	6754	6784
696264594	7337	7433
696264594	3829	4015
696264594	6201	6207
696264594	7013	7040
696694316	3471	4010
696694316	603	661
696694316	1020	1094
696694316	3276	3379
696694316	4478	4500
696694316	7026	7097
696694316	7971	8295
696694316	8298	8642
696694316	9586	9819
696694316	9373	9584
696694316	11102	11126
696694316	12634	12736
696694316	13456	13555
696694316	4376	4395
696694316	10661	10866
696694316	12738	12848
697454736	8030	8056
697454736	599	751
697454736	3216	3400
697454736	4856	5044
697454736	7080	7176
697454736	7417	7444
697454736	8140	8197
697454736	8793	8976
697454736	9555	9692
697454736	10671	10950
697454736	11963	12026
697454736	12492	12644
697454736	12874	13038
697454736	7761	7777
697454736	10597	10632
697472447	3600	3640
697472447	2430	2528
697472447	3397	3459
697996062	94	108
697996062	427	469
698092698	306	327
698092698	577	693
698092698	694	784
698092698	1997	2029
698092698	353	371
698092698	2393	2453
698092698	5882	5948
698780559	733	764
698780559	458	625
698780559	337	372
698780559	60	95
698780559	1908	1931
698780559	2364	2399
699142854	2181	2246
699142854	7160	7228
699142854	692	708
699142854	930	981
699142854	1013	1039
699142854	1041	1102
699142854	1596	1620
699142854	3149	3217
699142854	4131	4274
699142854	4889	4906
699142854	7574	7602
699142854	1402	1429
699142854	2548	2584
699142854	6974	6981
699142854	7069	7083
699142854	7018	7034
699142854	6934	6952
699142854	8894	8971
699478811	2175	2289
699478811	4836	4888
699478811	5692	5761
699478811	7653	7692
699478811	190	356
699478811	447	487
699478811	3410	3554
699478811	4494	4509
699478811	6742	6759
699478811	8519	8557
699478811	2060	2119
699478811	2886	3062
699478811	4890	4924
699478811	5511	5554
699478811	5785	5877
699478811	7155	7173
699478811	8030	8167
700387229	24	34
700387229	243	259
700387229	394	425
700387229	435	449
700387229	37	51
700387229	763	782
700387229	1123	1133
700387229	925	966
700387229	1303	1321
700387229	2201	2211
700387229	2948	3026
700387229	3136	3164
700387229	2761	2818
700551604	5659	5818
700551604	1881	2028
700551604	2735	2776
700551604	3068	3179
700551604	3209	3232
700551604	3383	3403
700551604	5322	5341
700551604	6897	6915
700551604	1657	1686
700551604	2034	2149
700551604	2566	2610
700551604	2830	2880
700551604	2894	2954
700551604	3326	3364
700551604	4462	4524
700551604	4686	4698
700551604	5977	6095
700551604	7425	7512
700551604	7547	7629
700551604	7694	7798
700551604	8615	8671
700551604	8924	8977
700551604	9219	9324
700551604	3698	3735
700551604	5343	5410
700662577	245	271
700662577	641	779
700662577	1385	1423
700662577	1570	1765
700662577	2777	2812
700662577	60	86
700662577	108	119
700662577	1217	1227
700662577	1907	1984
700662577	3515	3529
701299732	588	628
701299732	1569	1600
701299732	2236	2327
701299732	101	114
701299732	0	13
701299732	60	80
701299732	244	299
701299732	638	655
701299732	1718	1735
701299732	39	52
701837665	803	833
701837665	1806	1828
701837665	1364	1449
701837665	5040	5084
701837665	7193	7357
701837665	8276	8312
701837665	9299	9329
701837665	10112	10206
701837665	10208	10227
701837665	761	801
701837665	1829	2008
701837665	2534	2575
701837665	2618	2726
701837665	2792	2940
701837665	3251	3423
701837665	3510	3534
701837665	3824	3883
701837665	3958	4067
701837665	5821	5840
701837665	6697	6873
701837665	7401	7455
701837665	7727	7747
701837665	7785	7841
701837665	7529	7666
701837665	8115	8155
701837665	8453	8556
701837665	9331	9372
701837665	9425	9433
701837665	9471	9500
701837665	9741	9756
701837665	9780	9814
701837665	10090	10111
701837665	10802	10972
701837665	11844	11915
701837665	11964	12007
701837665	12031	12047
701837665	12178	12197
701837665	12594	12665
701837665	2456	2470
701837665	2740	2762
701837665	2942	2991
701837665	12381	12476
702077434	1264	1275
702077434	1377	1414
702077434	1701	1732
702077434	1830	1891
702077783	342	363
702077783	401	475
702077783	233	289
702077783	513	525
702077783	1853	1917
702077783	291	335
702111021	1114	1127
702111021	2179	2193
702111021	2272	2286
702111021	3388	3402
702111021	3908	3922
702111021	1639	1676
702111021	2047	2092
702111021	3668	3773
702111021	3994	4051
702111021	2223	2237
702111021	4140	4186
703056647	25	61
703056647	204	275
703056647	239	275
703056647	470	477
703056647	2412	2475
703056647	1987	2041
703056647	2102	2176
703056647	661	717
703056647	926	1018
703056647	1418	1495
703056647	1109	1140
703056647	1919	1984
703806098	166	185
703806098	2609	2665
703806098	1605	1622
703806098	1632	1698
703806098	144	160
703806098	1435	1455
703821117	2350	2366
703821117	3483	3500
703821117	11087	11105
703821117	11655	11671
703821117	12003	12039
703821117	12349	12363
703821117	14142	14158
703821117	16781	16835
703821117	17552	17689
703821117	179	236
703821117	114	174
703821117	472	532
703821117	833	880
703821117	2475	2523
703821117	3368	3383
703821117	3519	3571
703821117	3893	3974
703821117	5022	5080
703821117	5281	5373
703821117	6445	6453
703821117	6520	6609
703821117	6620	6637
703821117	7264	7314
703821117	7674	7693
703821117	10469	10570
703821117	10572	10680
703821117	10697	10805
703821117	10860	10997
703821117	10820	10845
703821117	11221	11328
703821117	12149	12243
703821117	13152	13167
703821117	13316	13369
703821117	13902	13935
703821117	13936	13958
703821117	13960	14030
703821117	18447	18550
703821117	14419	14458
703821117	14511	14640
703821117	14752	14920
703821117	15047	15069
703821117	15216	15279
703821117	15785	15851
703821117	16195	16231
703821117	16335	16411
703821117	16976	17013
703821117	17016	17049
703821117	18269	18325
703821117	18378	18396
703821117	18604	18639
703821117	6046	6098
703821117	17150	17244
705409419	138	158
705409419	1367	1418
705409419	1702	1830
705409419	2058	2114
705409419	4226	4381
705409419	4383	4570
705409419	6069	6164
705409419	950	1042
706088110	3279	3292
706088110	1117	1229
706088110	1019	1068
706088110	2203	2282
706088110	3513	3590
706088110	818	832
706088110	1081	1087
706088110	1330	1344
706088110	2103	2117
706088110	2578	2591
706088110	2914	2928
706088110	3223	3236
706088110	3458	3472
706501640	7	72
706501640	233	288
706501640	568	603
706501640	742	805
706501640	1110	1168
706501640	1321	1331
706501640	1527	1544
706501640	1689	1714
706600938	557	644
706600938	2792	2881
706600938	5924	6161
706600938	1083	1248
706600938	1429	1550
706600938	2617	2789
706600938	2904	2927
706600938	3393	3674
706600938	4323	4478
706600938	5527	5556
706600938	7698	7726
706600938	3137	3197
706661242	95	113
706661242	1316	1341
706661242	150	171
707451080	563	579
707451080	614	735
707451080	1723	1819
707451080	4462	4493
707451080	4664	4699
707451080	4789	4820
707451080	259	276
707451080	351	496
707451080	662	688
707451080	1306	1337
707451080	1629	1656
707451080	1657	1721
707451080	2207	2240
707451080	2249	2273
707451080	2312	2360
707451080	3497	3542
707451080	3987	4075
707451080	4882	4898
707451080	5035	5079
707451080	5166	5219
707451080	5890	5993
707451080	5995	6131
708071969	2372	2408
708071969	7	18
708071969	32	40
708071969	115	215
708071969	422	433
708071969	228	249
708071969	647	673
708071969	804	845
708071969	2021	2032
708071969	2455	2485
708071969	2159	2202
708071969	1768	1850
708071969	78	113
708071969	300	308
708071969	1054	1111
708071969	2724	2768
708561738	897	930
708561738	0	85
708561738	87	172
708561738	280	298
708561738	792	840
708561738	1520	1636
708561738	1670	1774
708561738	1968	1999
708561738	2062	2102
708561738	2291	2318
708561738	2360	2474
708561738	2529	2552
708561738	2919	2959
710100700	1203	1375
710376094	505	526
710376094	1996	2014
711964584	1822	1871
711964584	1872	1943
711964584	2918	3005
711964584	293	373
711964584	494	557
711964584	566	630
711964584	757	769
711964584	982	1032
711964584	2543	2676
711964584	3240	3276
711964584	3289	3379
711964584	4087	4113
711964584	4179	4199
711964584	4211	4351
712382330	3611	3673
712382330	3943	3965
712382330	4216	4264
712382330	919	1054
715588833	624	681
715588833	2437	2464
715588833	7098	7129
715588833	7155	7185
715588833	8643	8940
715588833	10678	10918
715588833	0	17
715588833	412	499
715588833	1046	1074
715588833	1753	1770
715588833	2061	2160
715588833	2622	2773
715588833	6660	6744
715588833	7638	7734
715588833	7829	7855
715588833	7857	7909
715588833	8548	8641
715588833	8479	8546
715588833	9232	9268
715588833	9456	9504
715588833	9836	10048
715588833	11273	11388
715588833	11390	11426
715588833	11846	12085
715588833	11575	11844
715790840	1438	1483
715790840	1616	1846
715790840	1868	1907
715790840	1941	1956
715790840	2293	2319
715790840	2134	2245
718312499	124	231
718595845	904	1003
718595845	2154	2259
718595845	5170	5182
718595845	0	32
718595845	2380	2444
718595845	7086	7235
718595845	1183	1219
718595845	5443	5542
718595845	305	337
718595845	355	448
718595845	5405	5427
718595845	6962	7084
721710340	4286	4299
721710340	3416	3671
721710340	3879	4010
721710340	4259	4277
721710340	4305	4350
721890296	1322	1337
721890296	2109	2257
721890296	5173	5238
721890296	4429	4451
721890296	48	87
721890296	168	183
721890296	260	275
721890296	883	898
721890296	3895	3910
721890296	4486	4501
721890296	4661	4676
721890296	4764	4779
721890296	1825	1854
721890296	2934	2986
721890296	3053	3061
721890296	3427	3477
721890296	3501	3539
721890296	5013	5164
721890296	5165	5172
721890296	759	790
721890296	4122	4385
721890296	25	46
721890296	560	579
721890296	2091	2105
721890296	2456	2567
721890296	2817	2860
721890296	3616	3643
721890296	3541	3614
721890296	3645	3662
721890296	3682	3702
721890296	3914	3947
721890296	4020	4064
721890296	4900	4918
721890296	4923	5011
722507879	1369	1376
722507879	1381	1391
722507879	3019	3036
722507879	3937	3949
722507879	2307	2350
722507879	2356	2414
722507879	2432	2516
722507879	4053	4079
722512241	2751	2838
722512241	391	570
722512241	3903	3925
722512241	37	98
722512241	168	309
722512241	572	729
722512241	2490	2594
722512241	3673	3733
722512241	3840	3886
722512241	3941	3962
722512241	3978	4008
722512241	4325	4417
722512241	5116	5333
722512241	5527	5589
722512241	5787	5934
722512241	6338	6377
722512241	6673	6846
722512241	6847	7044
722512241	7424	7546
722512241	7552	7698
722512241	7933	8111
722512241	7276	7398
723793978	973	979
723793978	1418	1430
723793978	1106	1256
723823436	1581	1679
723823436	3749	3902
723823436	365	382
723823436	1735	1752
723823436	2061	2088
723823436	3439	3458
723844295	15	29
723844295	220	273
723844295	1242	1270
723844295	2445	2696
723844295	1963	1994
723844295	2027	2040
724791253	3015	3033
724791253	118	137
724791253	189	228
724791253	459	515
724791253	918	1208
724791253	1223	1265
724791253	2585	2611
724791253	2702	2829
724791253	3048	3065
724791253	3579	3602
724791253	3665	3744
724791253	3912	4039
724791253	517	629
724791253	319	349
724791253	1799	1804
724791253	3488	3503
725498022	4518	4580
725498022	6105	6131
725498022	8065	8084
725498022	16921	16939
725498022	18642	18707
725498022	757	770
725498022	1058	1085
725498022	1452	1468
725498022	2686	2720
725498022	5585	5607
725498022	5843	5858
725498022	7181	7203
725498022	7672	7695
725498022	10212	10237
725498022	10881	10895
725498022	16716	16740
725498022	17429	17452
725498022	19752	19789
725498022	20050	20079
725498022	21226	21249
725498022	21723	21950
725498022	201	211
725498022	291	302
725498022	535	581
725498022	1869	1879
725498022	3705	3729
725498022	5661	5696
725498022	6618	6634
725498022	7261	7279
725498022	8684	8702
725498022	11946	11987
725498022	14333	14340
725498022	14373	14389
725498022	17386	17401
725498022	17832	17837
725498022	20682	20795
725498022	21137	21152
725824328	3313	3330
725824328	1027	1045
725824328	2959	2964
725824328	3081	3112
725824328	4001	4406
725824328	1962	2033
725824328	2056	2060
727128296	2296	2312
727493378	563	822
727493378	1272	1285
727493378	493	502
727493378	1769	1866
727493378	1943	1995
727493378	1997	2265
727493378	3072	3149
727497152	491	695
727497152	10	18
727634031	12173	12206
727634031	8017	8133
727634031	11405	11421
727634031	11940	12022
727658675	807	862
727658675	1215	1444
727658675	2273	2426
727658675	2556	2842
727658675	3033	3115
727658675	2138	2271
727736557	2840	2884
727736557	4511	4544
727736557	85	94
727736557	650	669
727736557	983	1001
727736557	1203	1347
727736557	2226	2239
727736557	2351	2382
727736557	2429	2447
727736557	4018	4068
727736557	4574	4602
727736557	186	212
727736557	305	328
727736557	1761	1770
727736557	1819	1858
727736557	4715	4742
727736557	5074	5132
727736595	285	335
727869189	1955	1994
727869189	2355	2379
727869189	5091	5216
727869189	1136	1167
727869189	1708	1771
727869189	2622	2641
727869189	4033	4049
727869189	4544	4615
727869189	4933	4956
727869189	2172	2334
727869189	4332	4473
727869189	5557	5773
728169864	423	440
728169864	1628	1642
728169864	2632	2640
728169864	2644	2651
728169864	2655	2662
728169864	2666	2674
728169864	2678	2684
728169864	2688	2694
728169864	2698	2712
728169864	3161	3184
728169864	5517	5525
728169864	2720	2744
728169864	4125	4132
728169864	6198	6259
728169864	0	8
728169864	2747	2878
728169864	5313	5330
728169864	5753	5774
728343601	125	144
728343601	1451	1492
728343601	1952	1976
728343601	2865	2889
728343601	4630	4651
728343601	4694	4712
728343601	1025	1047
728343601	1673	1744
728758697	819	1036
728758697	1512	1599
728758697	1697	1788
728758697	1232	1383
728758697	1384	1511
728758697	31	49
728758697	51	89
728758697	1790	1836
729303442	303	504
729303442	1450	1552
729303442	1555	1564
729303442	2878	2914
729303442	2953	3233
729303442	4046	4083
729303442	1303	1326
729303442	3659	3670
729410793	29	77
729410793	316	397
729410793	657	705
729410793	708	752
729410793	754	1017
729410793	1018	1342
729410793	1563	1603
729410793	3356	3482
729410793	3510	3676
729410793	4126	4166
729410793	4237	4365
729410793	4586	4678
729561658	754	778
729561658	809	833
729561658	1007	1052
729561658	1494	1738
729561658	39	89
729561658	251	312
729651527	1658	1763
729651527	2760	2775
729651527	3131	3159
729651527	3704	3867
729651527	3870	3977
729668796	2351	2361
729668796	68	96
729668796	545	585
729668796	1270	1353
729668796	2090	2115
729668796	3756	3776
729668796	2118	2184
729668796	3341	3418
729668796	3804	3940
729668796	296	361
729668796	1938	2047
729668796	3647	3663
729668796	2854	2939
729668796	3997	4124
729668796	238	251
729668796	476	500
729668796	815	828
729668796	1242	1266
729668796	3027	3081
729668796	4133	4142
729670169	1399	1417
729670169	1857	1886
730019938	1024	1029
730019938	2618	2759
730149656	3428	3433
730149656	3486	3491
730149656	5251	5267
730149656	3017	3025
730149656	3526	3531
730149656	216	220
730149656	225	241
730149656	1742	1762
730149656	2379	2395
730149656	2639	2680
730149656	3371	3376
730149656	4647	4905
730149656	7	20
730149656	306	398
730149656	1493	1574
730149656	3070	3104
730149656	3832	3846
730149656	3851	3868
730149656	5049	5068
730149656	5147	5185
730237078	188	196
730237078	657	681
730237078	33	50
730237078	106	136
730237078	516	581
730237078	1030	1062
730237078	1234	1283
730237078	312	341
730559808	5353	5419
730559808	955	993
730559808	998	1088
730559808	1251	1341
730559808	2483	2640
730559808	3006	3186
730559808	3215	3490
730559808	3492	3611
730559808	3953	4017
730559808	4279	4537
730559808	4404	4442
730559808	5659	5889
730559808	5891	5970
730865684	105	113
730865684	2509	2520
730865684	2563	2570
731063195	592	599
731063195	119	127
731511020	949	972
731513824	1616	1905
731513824	2022	2251
731513824	2537	2564
731927633	2063	2092
731927633	2434	2444
731927633	2784	2797
731927633	3450	3514
731927633	962	1016
731927633	1019	1053
731927633	1190	1224
731927633	1226	1280
731927633	1973	2004
731927633	2237	2323
731927633	2798	2832
734265267	3861	3897
734265267	3186	3261
734265267	4118	4257
735265649	1865	2088
735265649	169	177
735265649	905	915
735265649	1169	1383
735265649	1385	1536
735265649	1538	1599
735815173	3467	3476
735815173	914	942
735815173	1250	1437
735815173	2926	3030
735815173	3489	3540
735815173	1440	1526
735815173	2015	2054
735815173	2334	2446
735815173	3109	3183
735855251	2216	2270
735855251	2357	2453
735855251	2455	2565
736231219	1659	1752
736231219	415	449
736231219	485	532
736231219	575	599
736231219	846	875
736231219	990	1041
736231219	1105	1116
736231219	1138	1178
736231219	1383	1459
736231219	1614	1631
736231219	40	51
736231219	18	38
736231219	285	313
736231219	319	330
736231219	78	91
736231219	720	805
736231219	1504	1544
736231219	1553	1573
736231219	1356	1374
737255982	46	61
737255982	528	569
737255982	606	621
737255982	775	800
737255982	860	888
737255982	894	936
737255982	2166	2189
737255982	154	160
737255982	2678	2717
737255982	100	117
737255982	1538	1642
737255982	2412	2457
737255982	2760	2774
738207834	559	572
738207834	891	910
738207834	1224	1239
738207834	1320	1338
738207834	1873	1936
738207834	1972	2031
738207834	2039	2092
738207834	2462	2473
738207834	2709	2725
738207834	2983	2996
738207834	3268	3308
738207834	3609	3627
738207834	5143	5169
738207834	5692	5708
738207834	6324	6347
738207834	6870	6912
738207834	7385	7413
738207834	7594	7623
738207834	8294	8311
738207834	8599	8638
738207834	9328	9350
738207834	10874	10950
738207834	11332	11350
738207834	11495	11536
738207834	11650	11713
738207834	11821	11851
738207834	12432	12450
738207834	12473	12497
738207834	12801	12836
738207834	12876	12895
738207834	13347	13373
738207834	13819	13870
738207834	14960	14987
738207834	15231	15271
738207834	15622	15639
738207834	15645	15696
738207834	16385	16414
738207834	16520	16552
738207834	16889	16956
738207834	17728	17750
738207834	17844	17880
738207834	18762	18796
738207834	18859	19112
738207834	19301	19318
738207834	19752	19776
738207834	19841	20019
738207834	20251	20279
738207834	21073	21095
738207834	21313	21350
738207834	21604	21652
738207834	22078	22114
738207834	22676	22703
738207834	22803	22834
738207834	23402	23448
738207834	23536	23584
738207834	1634	1639
738207834	2327	2361
738207834	2363	2403
738207834	3113	3134
738207834	3174	3194
738207834	4716	4739
738207834	5912	6033
738207834	6843	6861
738207834	8398	8410
738207834	9452	9463
738207834	12146	12179
738207834	14348	14409
738207834	16817	16831
738207834	18650	18713
738207834	20737	20803
738207834	21927	21940
739091070	569	644
739091070	1745	1763
739091070	192	216
739091070	245	252
739091070	1395	1476
740808926	0	26
740808926	616	630
740808926	713	831
740808926	938	997
740808926	94	111
741655444	351	381
741655444	383	522
741655444	802	829
741655444	1648	1670
741655444	1924	1933
741655444	2277	2320
741896049	972	1068
741896049	1131	1237
741923579	3083	3111
741923579	3460	3527
741923579	1441	1653
741923579	2426	2763
741923579	2765	2862
741923579	1902	2063
741923579	3292	3313
741923579	3345	3354
741923579	3356	3368
741923579	3662	3691
741923579	3877	3924
754111899	972	978
754131438	332	338
754402671	2645	2735
755170235	359	368
755170235	2778	2810
755170235	4302	4319
755170235	4575	4587
755170235	5775	5900
755393220	3964	3977
755393220	4439	4447
755393220	4244	4259
755393220	4464	4485
755393220	730	745
755393220	2380	2389
755393220	3047	3068
757171650	955	1003
757171650	50	80
757171650	176	194
757171650	788	806
757243988	339	350
757243988	461	467
757243988	1447	1457
757243988	1658	1671
757243988	2267	2276
757243988	2635	2644
757611486	3830	3838
757611486	976	984
757611486	1068	1077
757611486	2319	2336
757611486	993	1006
757611486	3523	3536
757611486	3696	3708
757611486	3793	3803
757611486	3850	3862
757611486	5830	5846
757611486	6078	6084
757611486	6390	6402
757611486	7167	7179
757611486	7332	7346
757611486	5212	5224
757611486	583	598
757611486	603	623
757611486	3961	3971
757713354	3626	3633
757713354	3638	3649
757713354	1317	1330
757713354	46	55
757713354	84	95
757713354	192	203
757713354	212	227
757713354	304	311
757713354	495	502
757713354	522	537
757713354	762	769
757713354	959	970
757713354	1050	1059
757713354	1658	1679
757713354	1751	1766
757713354	1409	1428
757713354	2446	2457
757713354	3053	3065
757713354	3141	3148
757713354	3306	3354
757713354	3513	3530
757713354	3548	3584
757713354	1073	1079
757713354	3954	3973
757964238	1726	1731
757964238	497	514
757964238	1732	1754
757964238	988	996
757964238	997	1019
757964238	1778	1784
757964238	1887	1894
757964238	2071	2089
757964238	2115	2128
757964238	2175	2193
757964238	2220	2232
757964238	1028	1043
758477392	193	207
758477392	684	698
758477392	2393	2406
758477392	2475	2482
758477392	2697	2703
758477392	2922	2928
758477392	2866	2879
758477392	3172	3178
758477392	3557	3573
758477392	1017	1029
758477392	2312	2325
758477392	1481	1494
758477392	3206	3219
758512204	1490	1505
758512204	430	468
758512204	513	567
758512204	1971	1982
758512204	2441	2458
758512204	5043	5076
758512204	5223	5239
758512204	5078	5131
758512204	264	276
758512204	280	343
758512204	631	649
758512204	655	675
758512204	1450	1470
758512204	1947	1964
758512204	2003	2036
758512204	2461	2486
758512204	5157	5178
759478604	35	46
759478604	1312	1323
759478604	1696	1704
759478604	8701	8707
759478604	12527	12534
759478604	14664	14676
759478604	12783	12825
759478604	244	264
759478604	1407	1414
759478604	1746	1757
759478604	2451	2548
759478604	4303	4386
759478604	5052	5083
759478604	9407	9420
759478604	9832	9859
759478604	10856	10866
759478604	10752	10759
759478604	12559	12579
759478604	13700	13717
759478604	2551	2581
759478604	2609	2640
759478604	8430	8438
759478604	11614	11639
759478604	12165	12190
759478604	14704	14729
761334950	726	736
761334950	1154	1164
761334950	2207	2221
761334950	2343	2353
761334950	2899	2916
761334950	5837	5872
761334950	14078	14088
761334950	14144	14156
761334950	15508	15534
761334950	16086	16116
761334950	1306	1325
761334950	16377	16385
761334950	17133	17143
761334950	21111	21119
761674108	2560	2574
761674108	3771	3781
761674108	3803	3812
761674108	539	585
761674108	698	716
761674108	906	947
761674108	975	993
761674108	1041	1070
761674108	1125	1133
761674108	1153	1182
761674108	1396	1404
761674108	1527	1543
761674108	1549	1615
761674108	1690	1723
761674108	1902	1960
761674108	2267	2292
761674108	2478	2487
761674108	2880	2888
761674108	2892	2899
761674108	3038	3047
761674108	3286	3295
761674108	3300	3306
761674108	3319	3330
761674108	3465	3473
761674108	3479	3513
761674108	3674	3681
761674108	4236	4244
761674108	4097	4235
761674108	4529	4664
761674108	4666	4715
761674108	4725	4749
761674108	2138	2148
761674108	2424	2451
761674108	2489	2517
761674108	2519	2544
761674108	2630	2660
761674108	3578	3626
761674108	3522	3530
761674108	4083	4095
761874505	2312	2388
761874505	1831	1872
761874505	1905	1976
761874505	2725	2782
761874505	2858	2862
761874505	2921	2937
761968851	3843	3984
761968851	5797	5816
761968851	149	172
761968851	993	1069
761968851	1641	1660
761968851	5243	5254
761968851	5950	5969
761968851	6237	6257
761968851	6389	6408
761968851	7163	7170
761968851	755	774
761968851	787	804
761968851	4199	4205
761968851	5258	5274
761969038	5552	5571
761969038	119	141
761969038	305	321
761969038	1755	1783
761969038	4048	4053
761969038	4149	4170
761969038	4271	4292
761969038	4521	4541
761969038	5614	5663
761969038	1971	2046
761969038	4391	4412
762147609	531	546
762147609	8629	8648
762147609	648	660
762147609	3287	3292
762147609	4034	4046
762147609	2113	2122
762147609	3108	3117
762147609	3930	3939
762147609	1298	1314
762147609	2160	2290
762147609	3800	3836
762152527	1412	1423
762152527	2017	2026
762152527	1121	1166
762152527	863	897
762152527	1502	1535
762152527	1802	1827
762152527	1870	1912
762152527	1914	1953
762152527	898	975
762160164	522	532
762160164	595	618
762160164	2414	2435
762160164	2470	2493
762160164	2572	2581
762160164	3115	3122
762160164	3164	3171
762160164	3185	3194
762160164	1540	1543
762160164	2520	2529
762340819	8	15
762340819	17	27
762340819	1604	1613
762340819	1861	1893
762340819	2258	2287
762340819	1184	1191
762340819	1454	1461
762340819	2515	2522
762340819	3164	3171
762340819	3532	3539
762340819	3625	3632
762340819	3657	3664
762340819	1536	1567
762340819	2377	2389
762340819	3284	3302
762340819	3875	3901
762340819	3934	3944
762340819	336	346
762340819	1763	1782
762340819	3568	3579
762340819	3581	3588
762340819	3590	3599
762340819	3902	3914
762340819	4639	4650
763260610	970	981
763260610	1284	1363
763260610	2205	2238
763260610	3031	3086
763260610	4166	4190
763260610	4192	4309
763260610	4724	4742
763260610	6409	6450
763260610	9302	9329
763260610	9405	9459
763260610	9460	9471
763260610	10436	10444
763260610	14328	14403
763260610	2812	2868
763260610	3956	3996
763260610	4819	4851
763260610	8129	8166
763260610	8247	8265
763260610	9160	9176
763260610	10568	10629
763260610	0	17
763260610	254	290
763260610	705	719
763260610	1053	1105
763260610	1365	1375
763260610	1411	1424
763260610	1470	1483
763260610	1516	1529
763260610	1593	1619
763260610	1621	1675
763260610	2132	2150
763260610	2311	2359
763260610	2430	2443
763260610	3559	3589
763260610	3782	3801
763260610	3911	3931
763260610	4015	4037
763260610	4369	4390
763260610	3134	3156
763260610	4500	4518
763260610	4639	4664
763260610	5066	5120
763260610	5391	5423
763260610	5495	5554
763260610	5881	5892
763260610	6160	6182
763260610	6230	6271
763260610	6660	6740
763260610	6845	6907
763260610	7459	7495
763260610	7661	7680
763260610	7606	7639
763260610	7890	7931
763260610	8032	8048
763260610	8777	8790
763260610	8957	8999
763260610	9186	9203
763260610	9362	9378
763260610	9689	9714
763260610	9818	9846
763260610	9916	9946
763260610	9967	10009
763260610	10201	10274
763260610	10457	10469
763260610	11055	11168
763260610	11280	11303
763260610	12230	12261
763260610	12529	12547
763260610	13164	13180
763260610	13644	13675
763260610	13771	13837
763260610	14075	14095
763260610	14289	14314
763260610	14424	14441
763260610	3811	3868
763260610	10177	10186
763761219	1875	1890
763761219	116	140
763761219	1452	1465
763761219	1645	1658
763761219	2295	2306
764518567	6123	6139
764518567	6460	6476
764518567	6669	6685
764518567	6919	6935
764518567	1113	1133
764518567	5809	5826
764518567	7942	7961
764518567	2954	2972
764518567	5832	5850
764518567	1924	1933
764518567	2303	2349
764518567	5191	5208
764518567	5887	5903
764518567	8001	8054
764518567	9804	9833
764518567	11690	11756
764518567	1258	1266
764518567	4804	4852
764518567	6093	6111
764518567	8365	8402
764518567	9264	9272
764518567	10680	10702
764609985	7112	7118
764609985	7224	7235
764609985	675	694
764609985	6332	6366
764609985	5496	5541
764609985	5513	5522
764609985	8747	8765
764609985	10403	10413
764609985	288	296
764609985	500	507
764609985	1681	1685
764609985	2352	2362
764609985	2463	2471
764609985	2550	2764
764609985	2992	3003
764609985	3574	3578
764609985	3701	3707
764609985	4675	4681
764609985	4924	4933
764609985	5891	6090
764609985	8497	8514
764609985	10188	10225
764609985	7247	7251
764609985	8701	8718
764609985	11038	11048
764664283	3743	3755
764664283	3925	3946
764664283	5611	5631
764664283	6383	6393
764664283	7391	7405
764664283	1394	1405
764664283	3760	3770
764664283	7045	7053
764664283	7229	7292
764664283	451	476
764664283	1184	1205
764664283	4110	4131
764664283	5538	5571
764664283	5580	5596
764664283	6058	6108
764664283	7568	7635
764664283	125	303
764664283	7720	7854
764664283	2529	2664
764664283	0	34
764664283	3496	3521
764664283	7337	7367
764664283	1364	1383
764664283	1481	1634
764664283	5196	5228
764664283	1092	1128
764664283	2413	2426
764664283	2150	2287
764664283	4063	4098
764664283	5676	5823
764664283	5285	5372
764664283	5502	5537
764664283	6960	7008
764664283	1636	1722
764664283	2666	2747
764664283	2749	2895
764664283	3624	3714
764664283	591	698
764664283	872	960
764664283	4314	4389
764664283	1928	1964
764664283	3535	3591
764664283	5825	5894
764715911	4380	4391
764715911	4015	4028
764715911	2859	2916
764715911	132	142
764715911	254	348
764715911	937	1001
764715911	1667	1713
764715911	3722	3734
764715911	6379	6427
764715911	6958	6981
764715911	6832	6852
764715911	7265	7459
764715911	7652	7700
764715911	573	584
764715911	1728	1734
764715911	2558	2561
764715911	5779	5788
764715911	6646	6649
764715911	7479	7513
764715911	7514	7597
765029945	1412	1423
765029945	1618	1642
765029945	334	400
765029945	424	470
765029945	677	687
765029945	746	765
765029945	251	329
765029945	1114	1129
765029945	1326	1339
765029945	1502	1561
765029945	1643	1650
765029945	1590	1603
765029945	873	877
765029945	951	955
765029945	1043	1047
765029945	1375	1379
765197039	2091	2505
765197039	4094	4541
765197039	907	911
765197039	3299	4011
765197039	3835	3855
765197039	4223	4259
765197039	403	435
765197039	3004	3031
765197039	3897	3904
765197039	4290	4351
765197039	4726	4789
765197039	446	469
765197039	1245	1252
765197039	1338	1352
765197039	2270	2282
765197039	3208	3230
765197039	3385	3397
765197039	3725	3740
765197039	3909	3929
765197039	568	904
765197039	1961	2088
765197039	2609	2629
765197039	2631	2879
765197039	187	289
765197039	1004	1048
765197039	1058	1143
765197039	2306	2343
765197039	2444	2505
765197039	4572	4603
765197039	330	368
765197039	2507	2591
765197039	2881	2962
765197039	4605	4724
765913191	361	370
765913191	3844	3864
765913191	5077	5119
765913191	6575	6584
765913191	4502	4536
765913191	601	612
765913191	255	347
765913191	710	722
765913191	3587	3621
765913191	4244	4252
765913191	5827	5905
765913191	6357	6376
765913191	6957	6974
765913191	6999	7038
765913191	6739	6882
765913191	777	787
765913191	3422	3432
765913191	6979	6989
765913191	1461	1513
765913191	3730	3750
765913191	4891	4911
765913191	5596	5599
765913191	5800	5803
765913191	6527	6530
765982381	2063	2106
765982381	3364	3566
765982381	6856	6882
765982381	2851	2932
765982381	4183	4248
765982381	4494	4523
765982381	5207	5240
765982381	5379	5391
765982381	398	410
765982381	416	448
765982381	770	1044
765982381	1025	1044
765982381	1367	1376
765982381	2200	2230
765982381	2422	2462
765982381	2324	2346
765982381	2492	2555
765982381	2588	2622
765982381	2626	2635
765982381	2831	2848
765982381	2949	3043
765982381	3095	3187
765982381	3207	3222
765982381	3309	3352
765982381	3888	3916
765982381	4110	4131
765982381	4947	4995
765982381	5976	6023
765982381	6039	6057
765982381	6063	6090
765982381	6197	6250
765982381	6262	6295
765982381	6415	6438
765982381	1600	1817
766084411	2018	2024
766084411	1793	1799
766084411	3958	3991
766084411	4170	4174
766084411	1914	1924
766084411	2131	2140
766084411	2437	2447
766084411	4062	4072
766084411	4529	4539
766084411	4688	4697
766084411	5224	5234
766084411	4035	4040
766084411	4045	4056
766632016	114	247
766632016	3742	3775
766632016	3858	4015
766632016	486	515
766632016	4462	4596
766632016	3586	3670
766632016	5319	5340
766632016	3475	3482
766632016	3695	3702
766632016	3655	3670
766632016	4062	4076
766632016	3796	3808
766632016	2640	2674
766632016	4196	4208
766632016	4238	4248
766632016	4253	4264
766632016	4332	4343
766632016	4431	4441
766632016	4626	4653
766632016	4655	4754
766632016	4756	4842
766632016	4859	4871
766632016	4894	4905
766632016	5109	5144
766632016	5569	5583
766632016	5863	5872
766632016	4972	4983
766632016	1925	1969
766632016	455	470
766632016	564	590
766632016	1679	1711
766632016	2584	2601
766632016	3535	3553
766632016	5425	5456
766632016	2060	2180
766632016	249	366
766632016	1294	1402
766632016	4091	4184
766632016	5602	5736
766632016	5743	5861
769427494	8476	8487
769427494	5083	5102
769427494	50	58
769427494	62	91
769427494	93	281
769427494	242	281
769427494	1260	1268
769427494	5221	5426
769427494	6542	6575
769427494	7254	7366
769427494	9281	9297
769427494	5704	5794
769682854	253	279
769682854	224	235
769682854	1004	1026
769682854	1579	1586
769682854	1996	2016
769752554	45	49
769752554	153	157
769752554	159	183
769752554	304	313
769752554	392	417
769752554	626	637
769752554	797	817
769752554	906	915
769752554	1047	1061
769752554	1347	1357
769752554	1373	1388
769752554	1400	1404
769752554	1448	1488
769752554	1656	1666
769752554	1734	1738
769752554	1779	1801
769752554	1919	1941
769752554	2311	2327
769962236	0	9
769962236	32	47
769962236	80	89
769962236	94	101
769962236	139	143
769962236	163	168
769962236	169	177
769962236	207	212
769962236	222	239
769962236	241	244
769962236	1033	1074
769962236	1760	1771
769962236	1857	1864
769962236	2200	2223
769962236	2634	2637
769962236	2921	2934
769962236	2964	2977
769962236	3260	3278
769962236	3903	3912
769962236	3917	3921
770376380	1532	1745
770376380	24	47
770376380	1383	1405
770376380	357	416
770376380	599	623
770376380	678	688
770376380	1127	1152
770376380	1305	1323
770376380	1411	1500
770376380	3864	3956
770376380	4340	4357
770376380	4460	4501
770376380	4504	4782
770376380	4963	5181
770376380	5167	5181
770376380	5472	5484
770376380	1937	2253
770376380	3609	3676
770581969	78	93
770581969	1041	1054
770581969	1290	1305
770581969	70	77
770877978	1000	1018
770877978	1020	1067
770877978	3117	3146
770877978	3244	3292
771254016	1806	1820
771254016	1336	1343
771254016	1166	1173
771254016	1322	1331
771254016	1690	1695
771254016	1707	1716
771254016	1066	1072
771254016	1110	1118
772947654	683	720
772947654	6314	6322
772947654	228	244
772947654	5686	5713
772947654	1606	1618
772947654	148	157
772947654	2050	2176
772947654	2339	2392
772947654	2780	2838
772947654	2944	2967
772947654	3010	3023
772947654	4482	4510
772947654	5221	5225
772947654	5653	5668
772947654	6229	6246
772947654	6327	6352
772947654	319	322
772947654	440	456
772947654	1510	1513
772947654	1719	1722
772947654	1760	1763
772947654	3153	3160
772947654	3311	3319
772947654	3334	3343
772947654	3483	3501
772947654	3766	3776
772947654	3662	3686
772947654	3787	3811
772947654	4833	4857
772947654	5180	5204
772947654	4196	4254
772947654	4274	4277
772947654	4722	4725
772947654	5455	5462
772947654	6577	6588
773937361	288	300
773937361	2285	2290
773937361	8373	8390
773937361	3415	3434
773937361	11237	11248
773937361	494	506
773937361	918	925
773937361	1020	1069
773937361	1482	1486
773937361	1454	1463
773937361	2360	2367
773937361	4128	4149
773937361	5543	5571
773937361	11090	11152
773937361	11158	11164
773937361	527	536
773937361	1905	1916
773937361	6959	6974
773937361	10342	10374
773937361	16081	16099
773937361	18464	18468
773937361	19641	19654
774007496	3008	3022
774007496	493	528
774007496	1756	1770
774007496	2500	2512
774007496	2602	2614
774007496	478	491
774007496	1498	1517
774007496	1857	1870
774007496	1895	1918
774007496	2161	2169
774007496	2242	2254
774007496	1017	1031
774007496	1538	1543
774007496	1640	1667
774007496	3289	3293
774007496	3295	3336
774007496	2062	2076
774007496	2385	2399
774007496	2833	2847
774145019	191	196
774145019	412	417
774145019	1247	1255
774145019	2825	2829
774145019	2774	2789
774145019	1899	1904
774145019	2361	2366
774145019	3333	3338
774145019	3110	3117
774145019	5052	5059
774145019	3992	4020
774145019	58	63
774145019	441	517
774145019	518	551
774145019	552	615
774145019	616	700
774145019	2844	2853
774145019	2996	3011
774145019	3172	3196
774145019	3297	3321
774145019	4343	4367
774145019	4690	4714
774145019	3276	3286
774145019	3621	3624
774145019	3784	3794
774145019	4232	4242
774145019	4644	4652
775448623	1743	1825
775448623	2451	2491
775448623	2632	2753
775448623	1373	1476
775448623	2856	3300
775448623	17	41
775448623	334	342
775448623	343	417
775448623	722	732
775448623	813	1045
775448623	1722	1740
775448623	2168	2191
776345502	374	513
776345502	1551	1569
776345502	1723	1748
776345502	3002	3053
776345502	3733	3744
776345502	3979	4158
776345502	53	119
776345502	661	727
776345502	1575	1649
776345502	3780	3855
776345502	520	534
776345502	333	358
776345502	1434	1509
776345502	2843	2866
776345502	3612	3630
776345502	3911	3965
776345502	4002	4035
776345502	4095	4115
776345502	4131	4145
776345502	1299	1432
776368676	314	343
776368676	378	385
776368676	424	457
776368676	664	738
776368676	998	1078
776368676	386	408
776368676	571	623
776368676	828	957
776368676	974	992
776368676	45	66
776368676	67	70
776368676	276	297
776368676	542	559
776368676	640	658
776368676	1164	1176
776368676	1461	1494
776368676	1596	1633
776368676	2017	2033
776368676	2050	2074
776368676	2085	2118
776368676	2132	2147
776368676	2164	2174
776368676	2178	2210
776368676	3795	3820
776373795	1044	1206
776373795	557	612
776373795	1208	1321
776373795	1900	1990
776373795	2932	2997
776373795	184	206
776373795	854	869
776373795	1388	1483
776373795	1685	1706
776373795	3468	3482
776373795	4039	4203
776373795	5130	5150
776373795	4205	4572
776373795	3723	3773
776616374	149	174
776616374	751	785
776616374	831	849
776616374	2641	2650
776616374	2771	2782
776616374	2804	2810
776616374	3282	3292
776616374	2990	3007
779394730	2965	2986
779394730	3247	3274
779394730	3715	4118
779394730	4043	4118
779394730	1222	1239
779394730	1382	1407
779394730	1419	1612
779394730	4120	4323
779394730	2609	2739
779394730	966	984
779394730	1615	1772
779394730	1774	1886
779394730	1926	1965
779394730	2070	2106
779394730	3306	3340
779394730	3476	3535
779394730	3554	3695
779394730	3343	3462
779394730	3700	3713
780414700	2944	2962
780414700	2964	2974
780414700	3011	3021
780414700	3051	3061
780414700	3177	3187
780414700	13333	13358
780414700	14442	14467
780414700	16466	16470
780414700	16519	16523
780414700	16549	16553
780414700	3591	3599
780414700	5135	5138
780414700	14823	14844
780414700	8867	8878
780414700	7243	7257
780414700	1338	1615
780414700	3233	3317
780414700	2997	3009
780414700	3485	3494
780414700	4363	4517
780414700	8883	8903
780414700	8935	8952
780414700	9661	9717
780414700	9794	9804
780414700	9815	9842
780414700	13309	13331
780414700	13520	13530
780414700	1361	1404
780414700	1740	2022
780414700	3373	3388
780414700	9347	9401
780414700	17788	17830
780414700	1653	1691
780414700	17440	17457
780414700	483	504
780414700	866	887
780414700	926	961
780414700	6315	6393
780414700	6561	6601
780414700	14986	15028
780414700	16614	16639
780414700	17980	18035
780414700	572	654
780414700	1698	1738
780414700	1971	1981
780414700	726	735
780414700	1304	1325
780414700	2060	2284
780414700	7820	7867
780414700	7877	7917
780414700	300	319
780414700	5425	5738
780414700	7410	7450
780414700	10905	10959
780414700	10993	11030
780414700	11035	11072
780414700	13920	13988
780414700	2286	2330
780414700	18812	18834
780414700	9113	9135
780414700	1852	1943
780414700	3534	3578
780414700	8632	8678
780414700	4907	5047
780414700	5821	5941
780414700	15632	15697
780414700	1192	1265
780414700	5145	5206
780414700	6832	6905
780414700	7580	7638
780414700	10488	10673
780414700	17034	17229
780619695	1538	1554
780619695	1728	1744
780619695	2018	2034
780619695	2245	2261
780619695	2838	2854
780619695	3066	3082
780619695	44	62
780619695	3735	3740
780619695	6301	6314
780619695	1321	1337
780619695	1935	1959
780619695	4123	4129
780619695	137	148
780619695	149	160
780619695	162	168
780619695	174	183
780619695	120	136
780619695	1245	1262
780619695	1770	1794
780619695	2318	2325
780619695	2329	2338
780619695	2343	2359
780619695	3207	3224
780619695	3933	3941
780619695	4212	4229
780619695	4298	4309
780619695	4504	4513
780619695	4696	4736
780619695	4856	4874
780619695	5547	5553
780619695	5985	6015
780619695	6232	6251
781768042	382	597
781768042	7029	7044
781768042	7046	7169
781768042	10249	10311
781768042	4963	4971
781768042	5923	6076
781768042	6255	6266
781768042	11503	11705
781768042	0	108
781768042	112	126
781768042	173	210
781768042	238	360
781768042	727	770
781768042	2681	2691
781768042	2662	2675
781768042	2721	2730
781768042	2809	2818
781768042	2892	2905
781768042	2911	2921
781768042	2932	2945
781768042	2959	2969
781768042	3085	3094
781768042	3326	3335
781768042	4699	4732
781768042	4972	4998
781768042	5533	5589
781768042	6149	6167
781768042	6346	6400
781768042	6785	6854
781768042	7261	7377
781768042	7411	7420
781768042	8553	8562
781768042	9062	9438
781768042	10765	10929
781768042	10931	11420
781768042	11333	11353
781768042	11707	11947
781768042	10346	10762
781768042	11423	11501
781768042	11987	12104
781768042	12131	12141
781768042	12322	12401
781768042	12449	12526
781768042	7516	7650
781847297	419	485
781847297	835	850
781847297	205	224
781847297	1057	1075
781847297	1659	1675
781847297	1502	1520
781847297	82	116
781847297	313	416
781847297	639	670
781847297	1408	1426
781847297	1652	1656
782149225	253	287
782149225	472	485
782149225	314	470
782149225	573	973
782149225	1561	1580
782149225	1705	1754
782149225	3068	3181
782149225	4561	4757
782149225	5057	5070
782149225	5073	5222
782149225	1616	1648
785801366	1622	1644
785801366	2830	2853
785801366	3939	4427
785801366	4563	4568
785801366	7108	7131
785801366	8174	8192
785801366	8212	8241
785801366	8977	9022
785801366	4570	4710
785801366	178	205
785801366	234	245
785801366	502	525
785801366	543	559
785801366	756	791
785801366	830	869
785801366	1532	1545
785801366	1683	1868
785801366	1919	2050
785801366	2078	2107
785801366	2158	2185
785801366	2267	2291
785801366	2441	2468
785801366	2470	2703
785801366	2595	2605
785801366	2609	2661
785801366	2757	2775
785801366	2855	2941
785801366	2978	3024
785801366	3332	3371
785801366	3435	3609
785801366	3636	3662
785801366	3738	3760
785801366	3716	3725
785801366	3828	3837
785801366	4966	4999
785801366	5275	5286
785801366	5645	5658
785801366	5765	5772
785801366	5990	6001
785801366	6434	6461
785801366	6549	6588
785801366	6717	6726
785801366	6629	6655
785801366	7162	7179
785801366	7501	7576
785801366	7600	7632
785801366	7722	7773
785801366	7812	7832
785801366	7892	7927
785801366	8385	8432
785801366	8736	8753
785801366	8780	8788
785801366	8823	8862
785801366	8892	8912
785801366	8926	8950
785801366	9054	9078
785801366	9082	9102
785801366	9122	9129
785801366	2198	2226
785801366	2230	2258
785801366	2948	2976
785801366	3686	3714
786250729	1895	1905
786250729	2886	2916
786250729	631	649
786250729	44	60
786250729	1014	1050
786250729	1129	1152
786250729	1267	1308
786250729	1468	1656
786250729	1764	1770
786250729	2934	2946
786250729	3166	3187
786250729	3208	3257
786250729	121	237
786344683	1431	1449
786344683	1599	1613
786344683	1630	1646
786344683	6165	6272
786344683	73	127
786344683	262	280
786344683	726	768
786344683	843	870
786344683	985	994
786344683	1572	1593
786344683	1681	1743
786344683	2208	2218
786344683	2291	2308
786344683	3347	3360
786344683	5025	5073
786344683	6014	6031
786344683	2366	2431
786527921	827	898
786527921	2176	2238
786527921	2415	2440
786527921	10665	10684
786527921	10713	10737
786527921	11260	11284
786527921	11294	11311
786527921	12164	12267
786527921	12385	12404
786527921	16221	16253
786527921	16530	16544
786527921	5622	5643
786527921	10496	10512
786527921	12974	13022
786527921	1	16
786527921	259	300
786527921	729	736
786527921	1281	1329
786527921	1465	1480
786527921	1881	1904
786527921	1955	2170
786527921	2753	2765
786527921	3033	3065
786527921	5134	5376
786527921	5787	5810
786527921	6132	6149
786527921	6683	6695
786527921	6880	6908
786527921	7032	7051
786527921	7482	7583
786527921	7598	7633
786527921	8403	8449
786527921	8548	8566
786527921	7747	7771
786527921	8838	8856
786527921	8903	8923
786527921	9063	9078
786527921	9859	9869
786527921	9942	10004
786527921	10254	10267
786527921	10920	10973
786527921	11506	11530
786527921	12856	12878
786527921	13029	13062
786527921	13191	13235
786527921	13589	13733
786527921	13931	13982
786527921	14062	14097
786527921	14488	14500
786527921	14505	14550
786527921	14918	14942
786527921	15077	15112
786527921	16017	16053
786527921	16104	16121
786527921	16130	16177
786527921	16804	16827
786527921	16846	16868
786527921	16919	16949
786527921	8099	8114
786527921	14149	14328
786731884	1559	1626
786731884	1733	1788
786731884	2238	2379
786731884	4240	4258
786731884	4441	4499
786731884	3649	3693
786731884	3996	4079
786731884	30	44
786731884	218	237
786731884	249	285
786731884	322	341
786731884	369	392
786731884	430	473
786731884	513	534
786731884	714	729
786731884	862	876
786731884	926	945
786731884	957	993
786731884	1459	1482
786731884	1670	1693
786731884	2091	2136
786731884	2443	2459
786731884	2462	2574
786731884	2501	2519
786731884	2714	2758
786731884	2775	2795
786731884	2799	2819
786731884	2822	2915
786731884	3041	3051
786731884	3121	3141
786731884	3150	3165
786731884	4278	4299
786731884	4803	4825
786731884	4847	4855
786731884	4890	4929
786731884	4082	4169
786919720	83	98
786919720	4347	4364
786919720	4438	4459
786919720	164	194
786919720	282	672
786919720	1158	1191
786919720	3177	3195
786919720	4659	4682
786919720	4713	4804
786919720	1146	1156
786919720	4526	4594
787002327	2110	2257
787002327	2707	2728
787002327	4104	4173
787002327	4630	4648
787002327	4710	4757
787002327	5606	5625
787002327	5916	5942
787002327	6166	6190
787002327	6195	6208
787002327	6813	7147
787002327	3103	3203
787002327	3557	3572
787002327	3582	3597
787002327	184	203
787002327	215	251
787002327	288	307
787002327	363	386
787002327	459	502
787002327	542	563
787002327	682	705
787002327	838	1019
787002327	1109	1160
787002327	1195	1219
787002327	1266	1285
787002327	1356	1370
787002327	1471	1505
787002327	1709	1881
787002327	1961	1980
787002327	2263	2357
787002327	2458	2492
787002327	2867	2897
787002327	4007	4032
787002327	4193	4225
787002327	4412	4433
787002327	5243	5248
787002327	5252	5303
787002327	5467	5544
787002327	5667	5770
787002327	5908	5915
787002327	6064	6087
787002327	6460	6489
787002327	6530	6548
787002327	6739	6811
787002327	7149	7200
787142429	1150	1204
787142429	2684	2815
787142429	1106	1123
787668628	613	656
787668628	673	688
787668628	720	766
787668628	0	118
787668628	475	499
787668628	592	602
787668628	2408	2425
787668628	3729	3842
787668628	4993	5125
787668628	5982	5997
787668628	5153	5360
787668628	5373	5392
787759779	681	696
787759779	331	343
787759779	495	507
787759779	590	623
787759779	1011	1032
787759779	670	679
788056108	235	279
788056108	587	636
788056108	979	1012
788056108	2930	3059
788056108	4632	4680
788056108	4780	4804
788056108	15142	15456
788056108	60	76
788056108	818	860
788056108	5941	5977
788056108	14028	14312
788056108	15683	15829
788056108	183	201
788056108	364	393
788056108	694	731
788056108	763	787
788056108	1110	1133
788056108	1144	1174
788056108	1338	1405
788056108	1407	1640
788056108	1946	1965
788056108	2058	2139
788056108	2142	2479
788056108	2482	2701
788056108	2768	2923
788056108	3243	3274
788056108	3490	3623
788056108	3765	3783
788056108	4187	4202
788056108	4716	4733
788056108	5537	5636
788056108	6680	6851
788056108	6875	6898
788056108	7174	7199
788056108	7226	7254
788056108	7337	7382
788056108	7755	7832
788056108	8012	8070
788056108	8936	8962
788056108	10272	10297
788056108	10440	10465
788056108	10603	10746
788056108	10760	10914
788056108	11123	11255
788056108	11957	11980
788056108	12155	12167
788056108	12176	12222
788056108	12547	13082
788056108	13084	13617
788056108	14365	14417
788056108	14419	14785
788056108	15317	15352
788056108	15895	16016
788056108	16028	16077
788056108	16357	16533
788056108	16939	17166
788056108	17271	17330
788056108	17169	17184
788056108	17355	17391
788056108	17392	17427
788056108	17512	17805
788056108	17917	17969
788056108	92	99
788056108	3625	3710
788173482	1025	1088
788173482	2140	2188
788173482	5113	5130
788173482	5731	5754
788173482	7619	7636
788173482	1780	1794
788173482	3326	3349
788173482	5333	5484
788173482	9	32
788173482	500	510
788173482	534	586
788173482	780	818
788173482	1177	1197
788173482	1269	1295
788173482	1371	1403
788173482	1507	1533
788173482	1605	1702
788173482	1827	1842
788173482	2048	2078
788173482	2228	2280
788173482	2356	2376
788173482	2498	2523
788173482	2944	3003
788173482	3160	3177
788173482	3402	3435
788173482	2308	2345
788173482	4460	4480
788173482	4610	4684
788173482	4846	4900
788173482	4926	4960
788173482	7906	7917
788173482	7846	7852
788173482	7970	8005
788173482	598	655
788816478	162	178
788816478	446	635
788816478	652	687
788816478	1916	1944
788816478	5528	5563
788816478	5942	6075
788816478	6484	6503
788816478	1981	2023
788816478	4739	4766
788816478	331	373
788816478	1950	1980
788816478	3805	3827
788816478	4272	4284
788816478	4413	4427
788816478	4563	4604
788816478	5330	5403
788816478	5587	5622
788816478	6657	6696
789121798	352	369
789121798	402	439
789121798	1175	1207
789121798	3140	3183
789121798	3988	4202
789121798	2480	2701
789121798	19	35
789121798	264	298
789121798	236	249
789121798	441	479
789121798	626	640
789121798	2339	2416
789121798	2949	3085
789121798	3087	3096
789121798	3312	3346
789121798	3366	3386
789121798	4294	4323
789121798	880	891
789121798	1082	1164
789370909	3212	3231
789370909	11058	11070
789370909	2009	2030
789370909	10444	10485
789370909	53	78
789370909	459	491
789370909	1894	1919
789370909	2148	2171
789370909	4056	4071
789370909	4416	4439
789370909	4736	4756
789370909	6861	6881
789370909	8063	8083
789370909	8985	9015
789370909	9255	9271
789370909	9306	9433
789370909	9840	9870
789370909	11722	11746
789370909	11848	11871
789370909	11837	11843
789370909	5762	5843
789370909	5939	6056
789370909	7380	7572
789370909	8517	8597
789370909	9135	9210
789370909	10867	10940
789370909	11625	11705
789370998	4	21
789370998	108	136
789370998	573	684
789370998	863	880
789370998	1206	1255
789370998	1714	1719
789370998	2978	3007
789370998	3878	3907
789370998	4007	4020
789615291	1758	1766
789615291	2003	2030
789615291	3150	3163
789615291	3372	3415
789615291	6456	6477
789615291	6965	6982
789615291	8200	8232
789615291	9008	9032
789615291	9044	9079
789615291	9866	9892
789615291	11856	11871
789615291	13487	13554
789615291	465	491
789615291	647	980
789615291	1057	1065
789615291	1868	1878
789615291	2036	2044
789615291	2056	2065
789615291	2196	2204
789615291	2489	2507
789615291	4399	4416
789615291	5610	5629
789615291	6207	6230
789615291	6351	6388
789615291	6697	6721
789615291	6481	6566
789615291	7520	7554
789615291	7787	7795
789615291	8987	8995
789615291	9166	9230
789615291	9370	9506
789615291	9597	9612
789615291	9629	9645
789615291	10107	10115
789615291	10488	10508
789615291	11050	11058
789615291	11556	11592
789615291	11639	11657
789615291	11800	11815
789615291	12154	12187
789615291	12217	12238
789615291	12449	12499
789615291	12729	12778
789615291	12986	12993
789615291	13260	13268
789615291	13598	13616
789615291	13740	13759
789615291	3829	3905
789615291	11179	11219
789615291	12040	12094
789615291	12848	12853
790266787	1403	1416
790266787	1921	1958
790266787	3134	3152
790266787	3372	3379
790266787	3391	3531
790266787	3665	3681
790266787	3768	3778
790266787	3882	3913
790266787	6390	6401
790266787	7876	7973
790266787	9833	9851
790266787	10617	10703
790266787	7693	7720
790266787	8846	8881
790266787	0	21
790266787	99	132
790266787	293	316
790266787	346	364
790266787	765	789
790266787	1574	1584
790266787	3035	3058
790266787	3561	3662
790266787	3723	3737
790266787	3929	3943
790266787	6168	6181
790266787	6917	6953
790266787	7430	7444
790266787	7606	7656
790266787	8359	8403
790266787	8431	8482
790266787	8998	9127
790266787	8696	8732
790483991	710	728
790483991	5439	5564
790483991	1457	1487
790483991	5725	6014
790483991	9520	9593
790483991	354	431
790483991	919	944
790483991	1056	1230
790483991	1323	1364
790483991	1375	1400
790483991	1517	1612
790483991	2070	2192
790483991	3626	3696
790483991	3742	3961
790483991	4083	4117
790483991	4947	4961
790483991	5654	5675
790483991	6212	6281
790483991	6016	6191
790483991	6988	7139
790483991	7413	7594
790483991	8298	8326
790483991	8985	9026
790483991	9064	9214
790483991	9616	9982
790483991	1784	1912
790483991	7141	7331
790483991	8170	8296
790665855	448	493
790665855	967	1023
790665855	1628	1653
790665855	3521	3558
790665855	4401	4470
790665855	4178	4223
790665855	567	675
790665855	814	887
790665855	3248	3257
790665855	4865	4952
790665855	5402	5424
790665855	5448	5609
790665855	5714	5743
790665855	4721	4749
790667730	23	42
790667730	292	310
790667730	1217	1309
790667730	752	794
790667730	1110	1161
790667730	1164	1215
790667730	69	117
790667730	359	422
790667730	910	1003
790667730	1967	1984
790667730	2019	2045
790720480	422	435
790720480	1291	1378
790720480	1474	1585
790720480	1634	1741
790720480	2117	2133
790720480	2148	2191
790720714	931	1011
790720714	378	402
790720714	642	667
790720714	3882	4070
790720714	577	590
790720714	718	747
790720714	1022	1063
790720714	1924	1956
790720714	2180	2206
790720714	2247	2298
790720714	2760	2943
790720714	2945	3034
790720714	3136	3158
790720714	3502	3581
790720714	1882	1922
790720714	2627	2757
790720714	3693	3732
793534424	434	467
793534424	6528	6597
793534424	4	22
793534424	290	298
793534424	415	420
793534424	206	217
793534424	1598	1613
793534424	1620	1624
793534424	1804	1821
793534424	1916	1934
793534424	3182	3190
793534424	7655	7660
795379208	1711	1730
795379208	764	770
795379208	1818	1849
795379208	2157	2342
795379208	4009	4023
795689901	216	242
795689901	846	859
795689901	894	903
795689901	972	992
795703371	647	654
795703371	813	829
795703371	1386	1410
795703371	2257	2270
795703371	2305	2314
795703371	2321	2402
795703371	2468	2475
795703371	3386	3402
795703371	3459	3469
795703371	4103	4111
795703371	3711	3748
795703371	1268	1279
999000125	889	994
999000125	1444	1478
999000125	2183	2466
999000133	145	162
999000133	175	229
999000133	485	498
999000133	729	738
999000133	1834	1922
999000133	526	549
999000142	8	26
999000142	646	685
999000142	2119	2134
999000142	2271	2316
999000142	2380	2402
999000142	2527	2553
999000142	2807	2823
999000142	2825	2940
999000142	3179	3189
999000145	247	384
999000145	1502	1516
999000145	2251	2318
999000145	2393	2447
999000145	2677	2703
999000155	2300	2344
999000155	466	516
999000155	1338	1519
999000155	2482	2504
999000155	2686	2706
999000155	1978	2039
999000158	2586	2623
999000158	3089	3129
999000158	3158	3202
999000158	198	227
999000158	1237	1313
999000158	1628	1675
999000158	2040	2168
999000158	2387	2403
999000158	2810	2850
999000158	2879	2923
999000158	2957	2968
999000158	3236	3247
999000158	405	423
999000158	3542	3595
999000312	77	93
999000312	95	311
999000312	3568	3900
999000312	4231	4264
999000312	1949	2330
999000312	3902	4181
999000312	4389	4786
999000312	165	212
999000312	511	547
999000312	472	493
999000312	771	779
999000312	1427	1440
999000312	1938	1946
999000312	2358	2421
999000312	2608	2855
999000312	2953	3144
999000312	3146	3353
999000312	3579	3618
999000312	3624	3667
999000312	3355	3534
999000312	4198	4222
999000312	4266	4387
999000675	225	242
999000675	44	92
999000675	544	560
999000675	893	904
999000675	1019	1040
999000675	1205	1221
999000675	1241	1275
999000675	1731	1738
999000675	1819	1848
999000675	1968	1987
999000870	3812	3831
999001033	1245	1274
999001033	1392	1426
999001033	2460	2484
999001033	537	662
999001033	827	872
999001033	1114	1224
999001033	1287	1311
999001033	1445	1466
999001033	1473	1488
999001033	3140	3262
999001033	3560	3615
999001033	3735	3747
999001033	939	967
999001033	3713	3724
999001188	1888	1901
999001188	30	63
999001188	90	123
999001188	384	403
999001188	735	779
999001188	1374	1408
999001188	1463	1474
999001226	2014	2024
999001226	3572	3612
999001226	83	273
999001226	611	677
999001226	1838	1855
999001226	2196	2264
999001226	5157	5430
999001226	485	504
999001226	2475	2654
999001226	4953	5155
999001287	141	180
999001287	2274	2389
999001287	4656	4690
999001287	4308	4583
999001287	3424	3790
999001293	409	427
999001293	429	535
999001293	380	406
999001293	2307	2314
999001293	2849	2991
999001293	1129	1200
999001293	2994	3049
999001297	2257	2276
999001297	31	62
999001297	242	263
999001619	8322	8539
999001619	11633	12081
999001619	12848	13150
999001619	1522	1544
999001619	4811	5022
999001619	7358	7699
999001619	10692	11116
999001619	11373	11600
999001619	8992	9182
999001619	13296	13408
999001619	13960	14071
999001619	17	29
999001619	164	189
999001619	235	540
999001619	428	540
999001619	542	815
999001619	1072	1471
999001619	2005	2013
999001619	2523	2591
999001619	3558	3571
999001619	3625	3833
999001619	4067	4253
999001619	4633	4641
999001619	4790	4809
999001619	5229	5425
999001619	5452	5475
999001619	5603	5611
999001619	5900	5908
999001619	5911	6223
999001619	6225	6517
999001619	6519	6893
999001619	6895	7094
999001619	7730	7943
999001619	8140	8161
999001619	8258	8319
999001619	8542	8609
999001619	8612	8882
999001619	8701	8717
999001619	8763	8785
999001619	8901	8916
999001619	9355	9384
999001619	9697	9902
999001619	9904	10373
999001619	10211	10233
999001619	10400	10690
999001619	10748	10857
999001619	10990	11043
999001619	11057	11116
999001619	11118	11371
999001619	11674	11689
999001619	11752	11851
999001619	12083	12537
999001619	12245	12262
999001619	12476	12537
999001619	12539	12845
999001619	13410	13637
999001619	13639	13958
999001619	14150	14173
999001619	14126	14141
999001619	14251	14285
999001619	14371	14434
999001619	14497	14545
999001619	14571	14689
999001619	14820	14844
999001619	818	864
